862
656
476
894
934
894
691
968
920
859
656
330
4
371
289
610
126
547
31
753
41
343
361
196
520
569
146
62
239
323
649
697
520
202
471
292
417
125
406
636
89
540
496
907
199
949
838
981
406
166
912
962
192
544
482
529
864
704
759
318
530
263
500
87
247
499
111
641
581
987
229
602
869
611
218
150
342
897
348
264
177
112
333
245
477
924
67
248
602
924
704
13
653
385
803
285
504
897
866
222
638
475
310
244
254
506
971
866
389
321
469
503
747
518
148
316
136
164
533
981
310
26
751
131
629
661
173
592
21
771
60
536
435
830
962
851
940
418
588
993
356
336
307
808
243
19
204
874
450
70
36
835
709
438
345
136
128
171
291
38
543
432
179
575
447
633
714
118
921
174
41
471
980
637
22
122
325
604
291
252
920
638
741
881
742
355
658
549
207
853
471
514
208
192
441
732
581
995
83
691
180
195
894
698
939
917
449
705
274
751
517
415
43
549
584
247
869
966
432
365
41
647
466
417
210
171
582
678
148
248
807
119
234
759
176
398
454
532
903
119
765
644
741
56
70
840
65
646
550
273
397
333
56
575
74
692
787
206
73
679
424
731
716
900
751
856
437
266
701
709
583
517
125
668
575
824
966
444
755
847
476
91
736
892
560
258
553
556
199
469
885
52
572
40
911
645
559
795
119
19
754
2
459
709
794
574
129
706
620
689
662
885
165
244
932
637
774
727
331
854
598
89
310
433
363
737
282
133
618
709
652
586
145
510
827
922
76
498
94
354
114
665
52
62
597
850
863
249
68
772
722
767
33
504
936
658
346
453
307
593
759
482
451
419
320
580
307
96
363
259
48
367
457
693
784
441
57
1
752
890
998
157
188
208
487
23
735
168
674
244
868
790
370
956
663
74
67
916
164
199
105
712
968
352
683
685
412
777
641
203
463
636
865
34
605
705
922
963
788
855
573
316
287
514
774
768
307
541
638
159
552
387
364
553
575
546
180
948
950
969
261
315
643
157
507
844
732
635
795
776
759
573
118
146
75
215
824
520
800
744
255
8
860
694
939
350
330
976
831
39
32
7
758
728
5
1
801
457
854
872
572
119
373
978
295
865
665
329
235
285
116
739
141
605
295
393
386
529
578
232
263
783
907
42
426
974
546
216
711
268
628
930
136
510
932
564
798
544
937
112
111
789
116
21
717
870
441
33
424
252
716
361
614
425
367
28
774
49
849
916
734
808
178
879
528
328
852
579
141
230
347
246
835
543
874
220
31
640
24
298
553
533
669
530
358
226
496
462
171
877
418
166
542
66
691
146
70
488
666
180
389
155
486
315
178
263
100
838
266
315
974
355
269
657
605
469
612
232
389
469
597
290
922
24
907
338
18
565
918
564
39
10
716
485
461
596
132
154
913
781
320
531
353
356
39
272
454
473
686
969
761
232
885
143
600
869
742
428
934
785
52
822
902
607
229
314
513
11
273
484
737
386
314
641
825
578
691
938
278
4
885
654
565
182
171
834
699
185
551
383
576
124
18
150
484
946
113
868
468
490
742
608
336
237
593
314
719
652
649
265
66
608
879
818
403
491
989
830
242
184
691
205
760
339
241
617
970
713
523
787
464
342
974
844
42
614
442
132
241
46
973
300
739
763
765
40
292
947
226
973
12
630
985
361
48
526
487
993
706
508
601
250
327
145
592
612
696
210
8
848
83
537
828
879
864
852
256
8
628
401
197
3
928
343
417
762
972
724
772
922
521
352
729
957
124
496
191
96
79
196
233
437
76
848
420
941
364
196
791
477
189
200
300
550
784
92
710
880
583
394
817
854
427
269
738
218
18
391
898
529
912
207
474
854
882
424
629
646
458
56
953
360
651
791
430
566
681
740
217
389
316
978
410
811
692
592
319
80
279
797
623
446
380
870
598
540
586
418
467
881
555
929
175
196
55
453
642
491
920
41
607
525
45
570
14
576
701
462
933
276
610
576
352
480
981
737
651
699
228
922
952
704
178
341
266
708
115
257
168
916
547
25
76
938
125
464
650
749
202
505
858
882
309
461
723
837
885
8
282
60
679
319
615
86
937
361
133
270
752
837
363
268
102
129
639
474
481
478
941
549
848
811
474
362
354
832
342
69
530
435
672
195
753
901
511
154
779
17
739
899
298
231
63
996
367
75
844
488
154
485
565
349
139
742
923
773
219
662
707
215
979
372
920
870
378
57
966
585
923
543
131
292
745
442
973
273
106
32
335
434
538
185
173
833
134
776
998
857
313
768
